comid
10362422
10365132
10365688
10620741
10631491
10644399
10646067
10646179
10647871
10656597
10668647
10670767
10671067
1078881
10828016
10828380
10893497
1122801
1143208
1150457
1150575
1262413
1268374
1268384
1269804
1275870
1276844
1277096
1297250
1304623
14128211
14318227
1438901
1456345
1468258
1486176
1487598
1492632
1498860
15075320
15078026
15078398
15078578
15078680
1508259
15096227
1519457
15692955
15692997
15759818
15788264
15809485
15819305
15820319
15824691
1607568
1620893
166744061
16802485
16806323
16808225
16809377
16896184
16896594
16949788
17996314
18091889
18129036
18206494
18206698
18209364
18224233
18227153
18239521
18590674
18591936
18630524
18682098
18692073
18927958
18990204
19051824
19053586
19105273
19140345
19177598
19181364
19384053
19469941
19474189
19908713
19913336
19914474
19950146
1997782
2009592
2041659
2041729
2042899
2063884
2064456
2066482
2067240
2068112
21454120
2145993
2156940
2161822
21639018
21680612
21686658
21712124
2171397
2180705
2188213
2189877
21951564
21955100
22004194
22042695
2210730
2211472
22271792
2230475
2230495
2230499
2232715
2242031
22699982
22860793
2287313
2309427
2323168
2400641
2409476
2413098
2413422
25082568
25317937
2567536
2567658
2569346
2570724
2580499
2580509
26132719
26132869
26905753
2948040
2948108
2951228
3132465
3134035
3159657
3168850
3293960
3340280
3424530
3430158
3437802
3516534
3585638
3589066
3670962
3836017
426310
4451650
448500
476951
5289449
5289477
5293981
5297613
5297631
5513744
5531288
5531448
5559384
5575819
5576135
5578923
5588530
5747122
5747154
5756392
5762207
5764693
5771001
5773005
5780065
5784873
5789778
5791204
591076
616794
6415136
6417868
6419538
6420858
6421570
6442200
6445062
6460293
6478825
6480363
6497980
6498666
7484150
7841841
7843181
7846601
7874972
8330384
8330482
894937
896507
9278434
933110027
933120062
9349285
938080334
9533289
9535739
9535801
9543643
9544709
